 ppi_weak with 2k_intervals
    0.000000954    0.000014067    0.000015020
    0.000000596    0.000027895    0.000028491
    0.000000636    0.000046333    0.000046968
    0.000000477    0.000150561    0.000151038
    0.000000858    0.000044727    0.000045586
    0.000000397    0.000473380    0.000473777
    0.000000136    0.000044789    0.000044925
    0.000000119    0.000045717    0.000045836
    0.000000397    0.000053909    0.000054306
    0.000000238    0.000058889    0.000059128
    0.000000087    0.000070702    0.000070789
    0.000000079    0.000067790    0.000067870
    0.000000220    0.000057055    0.000057275
    0.000000000    0.000082016    0.000082016
    0.000000079    0.000076930    0.000077009
    0.000000596    0.000078261    0.000078857
 ppi_weak with 2m_intervals
    0.001162052    0.000015020    0.001177073
    0.000585437    0.000036001    0.000621438
    0.000409683    0.000018676    0.000428359
    0.000301003    0.000023246    0.000324249
    0.000273037    0.000020599    0.000293636
    0.000205994    0.000029723    0.000235717
    0.000183957    0.000039373    0.000223330
    0.000157207    0.000033289    0.000190496
    0.000148243    0.000049962    0.000198205
    0.000137210    0.000040174    0.000177383
    0.000135140    0.000038472    0.000173612
    0.000106057    0.000045339    0.000151396
    0.000102997    0.000047042    0.000150039
    0.000095759    0.000043716    0.000139475
    0.000086292    0.000046364    0.000132656
    0.000078022    0.000068575    0.000146598
